{
  "model_type": "phase_mahalanobis_kinematic_scorer",
  "manifest": "bridging_manifest.jsonl",
  "category": null,
  "split": "all",
  "num_fit_clips": 10,
  "phase_scheme": "progress3",
  "phase_names": [
    "START",
    "MIDDLE",
    "END"
  ],
  "feature_set": "bridging",
  "feature_names": [
    "hip_angle",
    "knee_angle",
    "trunk_angle",
    "hip_symmetry",
    "knee_symmetry",
    "hip_velocity",
    "knee_velocity",
    "trunk_velocity"
  ],
  "smooth_kernel": 5,
  "covariance_mode": "full",
  "shrinkage": 0.15,
  "eps": 0.001,
  "pass_quantile": 0.8,
  "warn_quantile": 0.95,
  "phases": {
    "START": {
      "phase_idx": 0,
      "n_samples": 789,
      "mean": [
        133.66398871203634,
        50.01395141256727,
        117.83551856604758,
        0.04739488932864586,
        0.025689049471164994,
        0.32214506430002254,
        0.1268263646845169,
        -0.09696246409837532
      ],
      "cov": [
        [
          210.78871671734487,
          55.76309706620059,
          -69.63895571459476,
          0.011422949290362257,
          -0.08952281500968017,
          2.6848432594958878,
          1.5552900339476907,
          -1.5525908138115994
        ],
        [
          55.76309706620059,
          74.10517120732324,
          -7.695575333854601,
          0.006160722602090175,
          0.008587659275223954,
          0.6101112798195425,
          0.36799428546000695,
          -0.41188234391692
        ],
        [
          -69.63895571459476,
          -7.695575333854601,
          44.2682869932694,
          -0.01448278352115228,
          0.05287865851726457,
          -1.0347953056680441,
          -0.656522401642222,
          0.5712023681940489
        ],
        [
          0.011422949290362257,
          0.006160722602090175,
          -0.01448278352115228,
          0.001682346811104507,
          9.67689558996773e-06,
          -0.0004544642963034455,
          -0.00037196201364796756,
          -0.00101020653261852
        ],
        [
          -0.08952281500968017,
          0.008587659275223954,
          0.05287865851726457,
          9.67689558996773e-06,
          0.0013232168096688332,
          -0.0022161974534585555,
          -0.001341962115810249,
          0.0005472986080677861
        ],
        [
          2.6848432594958878,
          0.6101112798195425,
          -1.0347953056680441,
          -0.0004544642963034455,
          -0.0022161974534585555,
          0.20389786162251955,
          0.07230638852017056,
          -0.028688223574125718
        ],
        [
          1.5552900339476907,
          0.36799428546000695,
          -0.656522401642222,
          -0.00037196201364796756,
          -0.001341962115810249,
          0.07230638852017056,
          0.054486724427199845,
          -0.012280019237512686
        ],
        [
          -1.5525908138115994,
          -0.41188234391692,
          0.5712023681940489,
          -0.00101020653261852,
          0.0005472986080677861,
          -0.028688223574125718,
          -0.012280019237512686,
          0.15323266404246386
        ]
      ],
      "inv_cov": [
        [
          0.014379168511863645,
          -0.008018453102698898,
          0.018659887479258033,
          0.09165766971141912,
          0.12806448361749717,
          -0.04008430869111417,
          -0.0650095773365662,
          0.04201435117182289
        ],
        [
          -0.008018453102698903,
          0.018693179267220687,
          -0.009283247253932958,
          -0.09392535199299097,
          -0.30713551743188694,
          0.010175440800843314,
          -0.030127962785977472,
          0.003574830980658605
        ],
        [
          0.018659887479258026,
          -0.00928324725393293,
          0.0538198831509058,
          0.39816208413772314,
          -0.6667787479166555,
          -0.020477504622809815,
          0.1874418539659891,
          -0.020315519027319734
        ],
        [
          0.09165766971142243,
          -0.09392535199299101,
          0.3981620841377446,
          601.5674953046207,
          -7.245307434177896,
          0.3735988761319344,
          7.109781875373685,
          3.8235218756058753
        ],
        [
          0.12806448361749784,
          -0.3071355174318882,
          -0.6667787479166514,
          -7.24530743417352,
          803.822056723539,
          1.9620726252704102,
          7.760596689827707,
          1.0280598460139143
        ],
        [
          -0.040084308691114214,
          0.010175440800843398,
          -0.020477504622810193,
          0.37359887613170834,
          1.9620726252705951,
          9.522285833553065,
          -11.634451379040438,
          0.5433769960006275
        ],
        [
          -0.06500957733656637,
          -0.03012796278597743,
          0.1874418539659894,
          7.109781875373746,
          7.760596689827401,
          -11.634451379040438,
          38.22959246078334,
          -0.5337393762683013
        ],
        [
          0.04201435117182294,
          0.0035748309806585294,
          -0.020315519027319668,
          3.82352187560587,
          1.0280598460140273,
          0.5433769960006257,
          -0.5337393762682913,
          7.117554646898447
        ]
      ],
      "pass_threshold": 7.437934569490975,
      "warn_threshold": 12.260185801141104,
      "train_score_mean": 5.34615054179451,
      "train_score_p50": 4.373893734148709,
      "train_score_p80": 7.437934569490975,
      "train_score_p95": 12.260185801141104,
      "train_score_max": 32.42368771124921
    },
    "MIDDLE": {
      "phase_idx": 1,
      "n_samples": 702,
      "mean": [
        163.48979171625854,
        65.26974550030674,
        106.33631501181074,
        0.034160954809953764,
        0.014339509445038276,
        0.14478438683228298,
        0.06620415660871512,
        -0.038708219295447974
      ],
      "cov": [
        [
          124.30029183162043,
          53.02778105324214,
          -47.98068968547229,
          -0.04113707722564096,
          -0.010891142560266695,
          -2.32743985458597,
          -0.7661129930372428,
          0.8167248883717108
        ],
        [
          53.02778105324214,
          78.52423805146913,
          -15.197260267012929,
          -0.049094493622634156,
          0.00712517347617804,
          -1.2939226358652813,
          -0.37359341411671515,
          0.4293845170868248
        ],
        [
          -47.98068968547229,
          -15.197260267012929,
          34.52943129345675,
          -0.0078061022853641235,
          0.007001774355550524,
          1.1501044124034345,
          0.4032244066942804,
          -0.3274895783550889
        ],
        [
          -0.04113707722564096,
          -0.049094493622634156,
          -0.0078061022853641235,
          0.0015257547721910353,
          -3.874071018657246e-05,
          -0.001645137409690718,
          -0.0004745102616998263,
          0.0006039860507871123
        ],
        [
          -0.010891142560266695,
          0.00712517347617804,
          0.007001774355550524,
          -3.874071018657246e-05,
          0.001198537994592931,
          0.00036614907928362477,
          0.00018003536328577467,
          -0.00022950540451517805
        ],
        [
          -2.32743985458597,
          -1.2939226358652813,
          1.1501044124034345,
          -0.001645137409690718,
          0.00036614907928362477,
          0.3623943756976204,
          0.14083424299010755,
          -0.12635462742824058
        ],
        [
          -0.7661129930372428,
          -0.37359341411671515,
          0.4032244066942804,
          -0.0004745102616998263,
          0.00018003536328577467,
          0.14083424299010755,
          0.12639060643414082,
          -0.07407024427945787
        ],
        [
          0.8167248883717108,
          0.4293845170868248,
          -0.3274895783550889,
          0.0006039860507871123,
          -0.00022950540451517805,
          -0.12635462742824058,
          -0.07407024427945787,
          0.1888110803298442
        ]
      ],
      "inv_cov": [
        [
          0.0236963886693717,
          -0.009795228182225212,
          0.027672970418795215,
          0.5047896597226884,
          0.11750270914544327,
          0.03218385767105198,
          -0.019302455965248193,
          -0.019733896637857153
        ],
        [
          -0.009795228182225219,
          0.018846945653219666,
          -0.006082035310734885,
          0.3364243533362283,
          -0.16157119800686434,
          0.033566423306735184,
          -0.01846675682865152,
          0.0029064790444437074
        ],
        [
          0.027672970418795184,
          -0.006082035310734847,
          0.06672882688191137,
          0.8369103431455925,
          -0.062067101020801776,
          -0.0588008879582242,
          -0.017223297682142983,
          -0.03899083440454349
        ],
        [
          0.504789659722688,
          0.3364243533362311,
          0.8369103431455887,
          690.2344414555197,
          18.517527077506255,
          5.71532084158316,
          -3.033248919811236,
          -1.0476536969523378
        ],
        [
          0.11750270914544675,
          -0.1615711980068617,
          -0.06206710102079721,
          18.51752707751073,
          837.5121165660795,
          -0.09415813019098179,
          -0.26819778543470474,
          0.5420703753524216
        ],
        [
          0.03218385767105184,
          0.03356642330673515,
          -0.05880088795822437,
          5.715320841582969,
          -0.09415813019115982,
          5.807855873916225,
          -5.047667255163324,
          1.5705592916599465
        ],
        [
          -0.019302455965247933,
          -0.01846675682865162,
          -0.017223297682142723,
          -3.033248919811148,
          -0.2681977854343603,
          -5.047667255163321,
          14.921170352676251,
          2.580583666248216
        ],
        [
          -0.01973389663785719,
          0.0029064790444437195,
          -0.03899083440454355,
          -1.0476536969523782,
          0.5420703753524553,
          1.5705592916599482,
          2.5805836662482116,
          7.374827505199345
        ]
      ],
      "pass_threshold": 7.438193003242553,
      "warn_threshold": 10.907083834394447,
      "train_score_mean": 5.17170549515484,
      "train_score_p50": 4.501742255972509,
      "train_score_p80": 7.438193003242553,
      "train_score_p95": 10.907083834394447,
      "train_score_max": 18.754402980104857
    },
    "END": {
      "phase_idx": 2,
      "n_samples": 887,
      "mean": [
        133.274493281171,
        50.505095078613905,
        118.48744051651838,
        0.03163815464165847,
        0.021523426236267684,
        -0.40360388821638565,
        -0.15582409991499224,
        0.1333503445412565
      ],
      "cov": [
        [
          135.25736418526748,
          43.91710904553647,
          -36.52820534083575,
          0.03901756439453126,
          -0.052069199178926835,
          -3.1869477749565327,
          -1.5770516061570363,
          1.6017854670043508
        ],
        [
          43.91710904553647,
          81.09034865848855,
          2.5059595611041483,
          0.027839667817639236,
          0.017565957376023175,
          -1.0047063291103917,
          -0.435171190721019,
          0.6155951320183907
        ],
        [
          -36.52820534083575,
          2.5059595611041483,
          25.275343345240316,
          -0.006818079944428439,
          0.031007050235087142,
          0.9466646345440377,
          0.5288417916720242,
          -0.43659907055278213
        ],
        [
          0.03901756439453126,
          0.027839667817639236,
          -0.006818079944428439,
          0.0014197469225843123,
          -3.466438965021006e-05,
          -0.0013293162523147068,
          -0.0005543884822402251,
          0.0004145228291298185
        ],
        [
          -0.052069199178926835,
          0.017565957376023175,
          0.031007050235087142,
          -3.466438965021006e-05,
          0.0012729824062962267,
          0.0018466437493203716,
          0.0008239920232010516,
          -0.0006556835766844761
        ],
        [
          -3.1869477749565327,
          -1.0047063291103917,
          0.9466646345440377,
          -0.0013293162523147068,
          0.0018466437493203716,
          0.17746273482155078,
          0.062407563847859886,
          -0.0530752676219628
        ],
        [
          -1.5770516061570363,
          -0.435171190721019,
          0.5288417916720242,
          -0.0005543884822402251,
          0.0008239920232010516,
          0.062407563847859886,
          0.04237720523779955,
          -0.022205103287012088
        ],
        [
          1.6017854670043508,
          0.6155951320183907,
          -0.43659907055278213,
          0.0004145228291298185,
          -0.0006556835766844761,
          -0.0530752676219628,
          -0.022205103287012088,
          0.13058250824813017
        ]
      ],
      "inv_cov": [
        [
          0.024590030564326303,
          -0.010467513204268704,
          0.024643596611406263,
          -0.09926680699367396,
          0.14572660705322293,
          0.13743455589412845,
          0.2572745224017762,
          -0.06923553610418036
        ],
        [
          -0.0104675132042687,
          0.018888392541372142,
          -0.017334116288623993,
          -0.1600427896200282,
          -0.2924609943370174,
          0.005986199304703545,
          0.007181659315625398,
          -0.015907053142437965
        ],
        [
          0.024643596611406242,
          -0.017334116288623982,
          0.08374908045499575,
          -0.05978777021496564,
          -0.6104025586265318,
          0.017525014379893133,
          -0.315501685938452,
          0.010037815705463077
        ],
        [
          -0.0992668069936776,
          -0.16004278962002808,
          -0.05978777021497199,
          712.9671120308835,
          14.898285805067877,
          2.80051053526997,
          0.7685833766070725,
          0.852749299719822
        ],
        [
          0.14572660705322377,
          -0.29246099433701683,
          -0.6104025586265335,
          14.898285805065138,
          816.7316133384967,
          -4.5459635494829405,
          1.0083706319668777,
          -0.07222880698650093
        ],
        [
          0.13743455589412815,
          0.00598619930470377,
          0.017525014379893244,
          2.8005105352699937,
          -4.545963549482911,
          13.451822543737006,
          -13.993732049818954,
          1.4007303488208842
        ],
        [
          0.2572745224017771,
          0.007181659315624627,
          -0.3155016859384507,
          0.7685833766071318,
          1.0083706319666055,
          -13.993732049818941,
          57.72164346813276,
          -0.11433974066160911
        ],
        [
          -0.06923553610418053,
          -0.01590705314243765,
          0.010037815705462876,
          0.8527492997196928,
          -0.07222880698664973,
          1.4007303488208853,
          -0.11433974066161146,
          9.16263338906726
        ]
      ],
      "pass_threshold": 6.693244465011498,
      "warn_threshold": 13.087876973213325,
      "train_score_mean": 4.96125150532129,
      "train_score_p50": 3.9478844714430332,
      "train_score_p80": 6.693244465011498,
      "train_score_p95": 13.087876973213325,
      "train_score_max": 23.87803916492648
    }
  },
  "fit_clips": [
    {
      "clip_id": "keypoints_필라테스_가산_A_Mat_Bridging_고급_actorP072_20220921_15.15.47",
      "actor": "actorP072",
      "start_frame": 177,
      "end_frame": 446,
      "phase_counts": {
        "START": 94,
        "MIDDLE": 78,
        "END": 98
      }
    },
    {
      "clip_id": "keypoints_필라테스_가산_A_Mat_Bridging_고급_actorP073_20220923_15.47.54",
      "actor": "actorP073",
      "start_frame": 235,
      "end_frame": 634,
      "phase_counts": {
        "START": 123,
        "MIDDLE": 129,
        "END": 148
      }
    },
    {
      "clip_id": "keypoints_필라테스_가산_A_Mat_Bridging_고급_actorP073_20220923_15.49.04",
      "actor": "actorP073",
      "start_frame": 223,
      "end_frame": 588,
      "phase_counts": {
        "START": 96,
        "MIDDLE": 130,
        "END": 140
      }
    },
    {
      "clip_id": "keypoints_필라테스_가산_A__Bridging_고급_actorP078_20220902_14.11.29",
      "actor": "actorP078",
      "start_frame": 194,
      "end_frame": 413,
      "phase_counts": {
        "START": 86,
        "MIDDLE": 66,
        "END": 68
      }
    },
    {
      "clip_id": "keypoints_필라테스_가산_A__Bridging_고급_actorP078_20220902_14.12.21",
      "actor": "actorP078",
      "start_frame": 189,
      "end_frame": 387,
      "phase_counts": {
        "START": 69,
        "MIDDLE": 58,
        "END": 72
      }
    },
    {
      "clip_id": "keypoints_필라테스_가산_A__Bridging_고급_actorP078_20220902_16.03.32",
      "actor": "actorP078",
      "start_frame": 187,
      "end_frame": 403,
      "phase_counts": {
        "START": 76,
        "MIDDLE": 67,
        "END": 74
      }
    },
    {
      "clip_id": "keypoints_필라테스_가산_A__Bridging_고급_actorP078_20220902_16.48.24",
      "actor": "actorP078",
      "start_frame": 185,
      "end_frame": 404,
      "phase_counts": {
        "START": 82,
        "MIDDLE": 54,
        "END": 84
      }
    },
    {
      "clip_id": "keypoints_필라테스_가산_A__Bridging_고급_actorP083_20220831_10.08.46",
      "actor": "actorP083",
      "start_frame": 265,
      "end_frame": 433,
      "phase_counts": {
        "START": 62,
        "MIDDLE": 40,
        "END": 67
      }
    },
    {
      "clip_id": "keypoints_필라테스_가산_A__Bridging_고급_actorP083_20220831_10.09.55",
      "actor": "actorP083",
      "start_frame": 210,
      "end_frame": 370,
      "phase_counts": {
        "START": 53,
        "MIDDLE": 39,
        "END": 69
      }
    },
    {
      "clip_id": "keypoints_필라테스_가산_A__Bridging_고급_actorP083_20220831_11.57.14",
      "actor": "actorP083",
      "start_frame": 233,
      "end_frame": 388,
      "phase_counts": {
        "START": 48,
        "MIDDLE": 41,
        "END": 67
      }
    }
  ]
}